-433.785868	11.995636	12.407273	-6.305366	1160.000000	
-434.267205	6.469227	6.900597	-6.250102	26426.000000	
-434.179414	1.215868	1.658532	-6.197569	107686.000000	
-433.900014	-3.847727	-3.384421	-6.146880	80995.000000	
-434.127639	-5.834074	-5.054335	-6.089181	13245.000000	
-436.092145	4.813998	6.729417	-6.011099	39471.000000	
-436.041279	-0.186973	0.909983	-5.959584	114432.000000	
-435.586854	-4.926375	-4.680930	-5.907762	66858.000000	
-434.289740	2.940449	3.797733	-5.834340	36412.000000	
-433.683997	0.583602	1.508127	-5.778492	108669.000000	
-433.562475	-4.524326	-3.852232	-5.727116	77435.000000	
-432.366032	-4.253269	-3.688281	-5.666098	13229.000000	
-428.263197	4.982065	5.560391	-5.591803	50141.000000	
-427.999292	-0.001812	0.076362	-5.540614	119228.000000	
-428.793012	-3.138138	-3.563787	-5.486655	59181.000000	
-435.513867	3.671170	3.477242	-5.415103	71333.000000	
-436.069838	-0.720089	-0.980100	-5.362525	112329.000000	
-435.752367	-4.779436	-4.969673	-5.308725	39708.000000	
-436.099983	3.361041	5.211206	-5.232867	43799.000000	
-435.301026	-0.900276	0.817171	-5.179712	113765.000000	
-434.898969	-5.621100	-4.538175	-5.127932	63828.000000	
-435.833665	2.794621	3.763723	-5.054577	38332.000000	
-435.912879	0.851389	1.310363	-4.998616	112641.000000	
-435.327901	-3.824995	-3.669612	-4.947130	75063.000000	
-431.821214	3.594905	3.187384	-4.875754	40531.000000	
-431.222494	2.078767	1.301364	-4.818632	113090.000000	
-430.879609	-2.541019	-3.568089	-4.766832	75004.000000	
-433.562912	2.694611	3.495149	-4.695343	46575.000000	
-434.240140	-0.048271	0.822340	-4.639485	111669.000000	
-434.402912	-5.083595	-4.263811	-4.587760	68378.000000	
-433.719597	1.013359	2.040949	-4.517480	20635.000000	
-432.849771	2.083978	3.464314	-4.455661	86150.000000	
-432.785629	-3.016869	-2.183360	-4.404411	102994.000000	
-433.718461	-7.888819	-7.310332	-4.351635	24242.000000	
-433.745585	5.383452	7.280526	-4.269970	18475.000000	
-433.663743	1.219754	2.875312	-4.216177	92129.000000	
-433.837012	-3.899474	-2.534206	-4.164882	97321.000000	
-434.141549	-6.011417	-4.880005	-4.108783	23327.000000	
-435.161951	3.768013	6.044385	-4.032152	51085.000000	
-435.150655	-1.066976	-0.000482	-3.980879	115178.000000	
-435.337092	-6.212226	-5.800639	-3.929152	53492.000000	
-434.269866	-1.725404	-1.194953	-3.861931	8685.000000	
-434.079649	3.808921	5.496772	-3.792788	51753.000000	
-434.374533	-1.095119	0.284942	-3.740479	117828.000000	
-436.752295	-1.254966	-0.562981	-3.681637	89747.000000	
-439.499321	0.147744	0.409892	-3.619944	118367.000000	
-439.497419	-4.442978	-4.259718	-3.567701	65573.000000	
-436.994782	0.298422	1.147237	-3.499470	18517.000000	
-434.564844	2.439570	3.687934	-3.434841	80184.000000	
-434.792760	-2.619375	-1.710624	-3.383936	107198.000000	
-435.492840	-5.687072	-4.829059	-3.328325	32224.000000	
-437.630055	3.221854	4.570122	-3.252732	57343.000000	
-437.712701	-1.452359	-0.321892	-3.201713	119973.000000	
-437.241967	-5.978368	-5.111793	-3.149636	46105.000000	
-432.671957	4.999362	5.272292	-3.072433	31745.000000	
-432.681765	1.310083	1.611413	-3.018117	106289.000000	
-433.064772	-3.805335	-3.655467	-2.966890	78587.000000	
-432.650778	-5.754977	-4.806828	-2.908247	14237.000000	
-433.106421	4.554812	5.533891	-2.831167	44591.000000	
-433.393553	-0.374671	0.372117	-2.780177	118897.000000	
-433.207509	-5.358804	-4.654173	-2.728820	57314.000000	
-436.172825	2.965940	4.262000	-2.655423	18770.000000	
-437.301901	2.494400	3.396235	-2.595718	86497.000000	
-437.068222	-2.452283	-2.049405	-2.544047	104257.000000	
-434.947576	-0.271345	0.062217	-2.480131	49303.000000	
-432.955852	0.966600	1.501476	-2.418146	110106.000000	
-432.677763	-3.949126	-3.530502	-2.367189	79605.000000	
-435.121780	-1.059846	-0.011627	-2.300659	21141.000000	
-437.536083	2.508405	3.607458	-2.234702	83874.000000	
-437.657656	-2.456898	-1.916883	-2.184303	108581.000000	
-437.057089	-5.077135	-4.954196	-2.128731	28301.000000	
-434.230550	4.062768	5.045690	-2.052837	53828.000000	
-434.210415	-0.803701	-0.055550	-2.000883	116310.000000	
-434.450608	-5.441492	-5.075789	-1.949161	51951.000000	
-436.977771	3.427704	5.191457	-1.873605	29589.000000	
-437.278111	0.094006	1.856166	-1.817798	107392.000000	
-437.862391	-4.987257	-3.728635	-1.766900	80745.000000	
-438.865346	-9.013858	-8.006902	-1.711918	12275.000000	
-438.394409	5.672730	7.761867	-1.629389	19559.000000	
-438.677648	0.816190	2.596277	-1.576763	94265.000000	
-438.943648	-4.258789	-2.544928	-1.525216	93834.000000	
-438.291191	-1.922857	-0.573146	-1.461167	35071.000000	
-438.414440	2.158872	2.731690	-1.395945	96804.000000	
-438.154133	-2.049933	-2.032334	-1.344525	104072.000000	
-437.199802	2.139389	2.024842	-1.277985	74537.000000	
-436.496468	-0.277800	-0.421528	-1.221625	113627.000000	
-435.486363	-4.619198	-4.763331	-1.168196	49146.000000	
-437.336504	3.365956	4.285519	-1.093772	43372.000000	
-438.343060	-0.480038	0.890524	-1.039361	110769.000000	
-438.790701	-5.515030	-4.149630	-0.987849	67089.000000	
-438.026375	1.587214	2.635817	-0.917267	21943.000000	
-437.054394	3.137581	3.250943	-0.855800	87354.000000	
-436.940861	-1.937450	-2.165785	-0.804472	101286.000000	
-437.858633	-3.407001	-3.252428	-0.745615	31908.000000	
-441.797424	1.696159	3.890109	-0.674157	73042.000000	
-442.292821	-3.114915	-1.242182	-0.623172	113534.000000	
-442.250359	-3.780434	-2.273673	-0.564824	45180.000000	
-441.339242	2.116403	3.162792	-0.495988	84603.000000	
-441.468992	-2.780752	-1.946390	-0.443870	103916.000000	
-441.629439	-8.021757	-7.217420	-0.391430	26049.000000	
-440.435366	-3.140385	-1.972319	-0.323894	2165.000000	
-440.270991	5.477463	7.373022	-0.249001	24088.000000	
-440.410829	0.333463	1.943956	-0.197561	103155.000000	
-440.331991	-4.655606	-3.060676	-0.146184	87160.000000	
-441.042412	0.192311	1.024245	-0.079004	31338.000000	
-444.235630	1.676664	2.487634	-0.016939	93558.000000	
-445.926457	-3.445136	-2.397194	0.035094	92869.000000	
-446.536717	-7.568135	-6.151394	0.089429	22111.000000	
-437.341609	5.019008	6.415222	0.169322	27701.000000	
-437.486521	0.688680	1.711375	0.221881	108967.000000	
-437.999794	-4.369298	-3.597539	0.272876	79814.000000	
-437.657671	-2.492286	-1.942128	0.335902	16937.000000	
-436.941408	4.384384	4.799799	0.406454	60005.000000	
-436.707842	-0.651163	-0.446566	0.458403	112644.000000	
-436.529568	-3.440574	-3.325680	0.514017	54087.000000	
-436.527378	3.229294	3.283008	0.584786	75389.000000	
-436.188740	-1.162995	-1.204542	0.636986	111716.000000	
-436.698182	-4.430437	-4.568252	0.691950	37954.000000	
-437.385846	3.656578	4.543959	0.766481	55288.000000	
-437.161767	-0.983961	-0.127904	0.818920	116461.000000	
-436.838099	-6.122034	-5.401243	0.870346	48702.000000	
-436.993231	-8.124740	-6.792886	0.929356	4925.000000	
-441.845903	6.562315	7.397084	1.010654	20868.000000	
-442.128645	1.358912	2.360683	1.063304	100910.000000	
-442.138515	-3.662846	-2.923517	1.114153	90590.000000	
-440.000172	-1.604059	-0.367919	1.178955	27980.000000	
-436.647319	1.039718	3.393251	1.244676	87105.000000	
-436.816780	-3.985158	-2.251484	1.295547	104024.000000	
-437.161259	-8.037397	-6.810919	1.349115	23696.000000	
-438.636173	2.461817	6.424842	1.429719	30545.000000	
-438.372661	-2.237492	1.389613	1.481592	113526.000000	
-438.423265	-7.310609	-4.019416	1.532373	73728.000000	
-438.996574	-11.337951	-8.025520	1.587650	9258.000000	
-441.561642	3.997192	8.228585	1.671245	17282.000000	
-442.049087	-0.925303	2.757017	1.723629	97316.000000	
-442.075291	-5.896176	-2.860415	1.774087	96257.000000	
-442.212070	-4.136873	-0.805101	1.837313	28355.000000	
-441.913816	-0.112438	3.607917	1.905029	83682.000000	
-441.899103	-5.080406	-2.037905	1.955797	106463.000000	
-441.203667	-9.549496	-7.146159	2.009212	25324.000000	
-440.459208	3.538716	6.446621	2.089619	26753.000000	
-440.384660	-0.862945	1.804050	2.142028	107785.000000	
-440.067337	-5.920033	-3.491626	2.193248	81769.000000	
-441.374880	-2.426258	1.169050	2.259759	24096.000000	
-442.477340	-0.000600	3.615900	2.324493	85706.000000	
-442.362652	-5.044767	-2.218977	2.375630	104496.000000	
-442.279538	-6.786320	-4.693175	2.432526	29167.000000	
-439.822961	2.166876	4.803971	2.506707	61043.000000	
-439.529135	-2.523400	-0.511012	2.558303	120411.000000	
-440.105741	-2.686461	-0.883091	2.618073	68999.000000	
-440.497443	-0.829091	1.394838	2.681642	110798.000000	
-440.510901	-5.631941	-3.752582	2.733102	78415.000000	
-441.590895	-0.331937	2.274381	2.801695	27482.000000	
-441.951789	1.078609	2.927686	2.863729	96790.000000	
-441.205889	-3.572891	-2.629320	2.914950	98618.000000	
-440.563461	1.057056	1.906441	2.982525	58535.000000	
-440.394930	0.125794	0.468955	3.039840	116574.000000	
-439.669926	-4.944929	-4.773729	3.091669	61362.000000	
-439.626079	-0.398529	0.503166	3.160180	13956.000000	
-440.252284	2.451833	4.396309	3.226615	67371.000000	
-439.863911	-2.491433	-0.726475	3.277756	113404.000000	
-439.464800	-2.573657	-0.831693	3.337229	61184.000000	
-438.471410	0.540501	1.990789	3.402227	104377.000000	
-438.320609	-4.250914	-3.499709	3.453750	86474.000000	
-441.256499	-1.602599	-0.968888	3.518440	25934.000000	
-443.059545	2.878390	3.585361	3.585043	83525.000000	
-443.402681	-1.994390	-1.888375	3.636064	107681.000000	
-441.742689	-0.589300	-0.506135	3.697961	45482.000000	
-439.723808	2.037834	2.510837	3.762937	100676.000000	
-439.445697	-2.852336	-3.164437	3.814161	90893.000000	
-439.884154	0.401438	0.030646	3.879925	31649.000000	
-440.481594	3.273347	2.936878	3.943684	94434.000000	
-440.361049	-1.706266	-2.662651	3.994904	98441.000000	
-440.445941	-0.548915	-1.772096	4.056554	29832.000000	
-440.735818	4.022809	3.519791	4.125014	82362.000000	
-440.913919	-0.948090	-1.917046	4.175995	107037.000000	
-441.389341	-3.056686	-3.961921	4.232588	31561.000000	
-441.726714	4.788574	4.567902	4.306429	61961.000000	
-441.448209	-0.017662	-0.524745	4.358274	115394.000000	
-441.699734	-2.340274	-3.189623	4.413907	52774.000000	
-442.661128	3.951868	3.497780	4.484790	77980.000000	
-442.517802	-0.604282	-1.514546	4.536659	110530.000000	
-442.354580	-4.263805	-5.666101	4.590518	32705.000000	
-439.446426	6.882419	6.047754	4.667856	40798.000000	
-439.637916	2.437560	0.888936	4.720526	116022.000000	
-439.561979	-1.338233	-3.663761	4.773676	69810.000000	
-441.919087	4.585569	3.240525	4.844458	71999.000000	
-441.967142	0.734044	-0.862581	4.897440	116053.000000	
-442.348166	-2.677557	-4.953527	4.951542	41608.000000	
-443.694782	6.842518	5.001194	5.026844	55112.000000	
-443.818344	2.300877	-0.179340	5.078962	117338.000000	
-443.600357	-2.689119	-5.633652	5.130664	49299.000000	
-442.194497	6.464118	4.801272	5.206427	19698.000000	
-442.596155	4.695431	3.025827	5.263945	93246.000000	
-442.532699	-0.407541	-2.662711	5.315053	97845.000000	
-442.496221	-4.257324	-6.543618	5.369517	20875.000000	
-444.404004	7.882313	6.908681	5.449057	31585.000000	
-444.645738	3.142618	1.491145	5.501547	113170.000000	
-444.880735	-1.460704	-3.965739	5.552958	75234.000000	
-442.509680	5.548478	3.213443	5.624477	44690.000000	
-442.092200	3.494868	1.107665	5.680769	110994.000000	
-441.936376	-1.640320	-4.328074	5.732420	69537.000000	
-442.266415	-6.950316	-9.532531	5.785520	8860.000000	
