-562.599920	13.968931	16.517689	-8.687573	281.000000	
-559.874484	8.402379	9.837788	-8.631907	12164.000000	
-559.190771	3.189886	3.785560	-8.579782	83668.000000	
-559.306736	-1.882584	-2.089392	-8.528957	105494.000000	
-559.581424	-5.841745	-6.927208	-8.475578	26834.000000	
-559.936289	5.834801	5.792497	-8.395827	34981.000000	
-559.769440	1.159724	1.078414	-8.343827	113454.000000	
-559.742695	-3.932758	-3.956896	-8.292267	70322.000000	
-558.366622	0.480888	0.587957	-8.225490	16559.000000	
-557.125141	3.867517	3.958399	-8.159050	70570.000000	
-556.828634	-1.225381	-1.111890	-8.107550	112407.000000	
-556.919578	-5.640391	-5.805751	-8.055043	35285.000000	
-557.646558	5.486500	6.048643	-7.976500	30106.000000	
-557.181730	1.463680	1.727186	-7.922746	108146.000000	
-557.903585	-2.865262	-3.055582	-7.870344	83684.000000	
-561.982957	2.740968	2.624230	-7.800768	64788.000000	
-562.395403	-0.080292	-0.267766	-7.746133	117733.000000	
-562.844626	-5.233692	-5.329505	-7.694228	47580.000000	
-561.054006	-0.805151	-0.856257	-7.627711	6444.000000	
-559.253058	5.444375	5.966084	-7.555801	42787.000000	
-559.043625	0.358678	0.552748	-7.504707	116309.000000	
-558.968546	-3.524020	-3.593503	-7.451703	65823.000000	
-555.638732	3.143583	3.353466	-7.379413	67020.000000	
-555.524422	-0.785269	-0.629505	-7.326794	116319.000000	
-556.055178	-4.748202	-4.502175	-7.273626	44410.000000	
-560.780439	4.415921	5.014362	-7.198022	51392.000000	
-561.100272	0.084467	0.209126	-7.145331	116148.000000	
-561.589218	-4.882262	-5.196066	-7.093623	55315.000000	
-558.283880	3.568071	3.855924	-7.019366	21127.000000	
-558.069290	2.202219	2.848110	-6.960992	89083.000000	
-558.516738	-2.956666	-2.216434	-6.909309	98258.000000	
-558.926416	-7.404872	-6.679456	-6.856046	23101.000000	
-561.360922	5.667729	6.869437	-6.774887	23784.000000	
-561.223498	1.277984	2.277214	-6.721772	101928.000000	
-561.244150	-3.803867	-3.261409	-6.670857	87615.000000	
-561.176304	-6.302951	-6.278252	-6.614839	16000.000000	
-557.835586	6.100711	7.008968	-6.535732	32870.000000	
-557.639715	1.165257	1.413040	-6.483283	110311.000000	
-557.594136	-2.462552	-2.785552	-6.429772	81970.000000	
-556.655786	2.369181	2.286650	-6.361506	83007.000000	
-556.663932	-1.195720	-1.295706	-6.307765	111230.000000	
-556.606610	-3.886915	-4.195691	-6.252036	38133.000000	
-555.498990	3.784832	3.843121	-6.178696	63374.000000	
-555.548698	-0.902781	-0.521644	-6.126601	115645.000000	
-555.970644	-4.919693	-4.343752	-6.073309	44701.000000	
-559.685345	4.108688	5.234088	-5.997701	51118.000000	
-560.118131	-0.119785	0.068310	-5.945537	121123.000000	
-560.093868	-5.155155	-5.769652	-5.894713	51312.000000	
-556.974016	1.277171	1.421548	-5.823320	9091.000000	
-557.121929	3.728147	5.042499	-5.757764	57107.000000	
-557.904287	-1.389312	-0.361793	-5.706462	114964.000000	
-558.440459	-5.434484	-4.538968	-5.652673	50214.000000	
-561.421835	4.376406	4.740803	-5.577907	50057.000000	
-561.507041	0.335823	0.259469	-5.525321	117629.000000	
-561.708533	-4.221218	-4.619854	-5.472914	56837.000000	
-561.144910	3.534118	4.791914	-5.398749	40024.000000	
-561.383957	0.208242	1.260695	-5.343875	108758.000000	
-560.875441	-4.214779	-3.566800	-5.290747	73936.000000	
-558.464110	2.674682	2.986351	-5.220649	58752.000000	
-557.789274	0.422675	0.159182	-5.165415	117794.000000	
-557.923117	-4.472392	-5.144698	-5.113722	54462.000000	
-561.995854	3.499995	3.908444	-5.039640	19999.000000	
-563.721992	2.132852	2.985322	-4.980410	92706.000000	
-563.870787	-2.913562	-2.576398	-4.929798	98538.000000	
-564.302322	-7.888997	-7.558560	-4.877584	19597.000000	
-563.675632	6.684177	7.768029	-4.794832	8180.000000	
-563.208697	3.718356	4.827969	-4.738350	64751.000000	
-563.582384	-1.365654	-0.855612	-4.687105	113206.000000	
-564.135669	-3.745738	-3.454575	-4.630438	48846.000000	
-563.150039	2.460980	3.259376	-4.560037	78042.000000	
-563.031191	-2.108777	-1.437409	-4.508088	111116.000000	
-563.359298	-6.921159	-6.338490	-4.455608	30511.000000	
-562.789237	5.092218	6.415314	-4.376485	15928.000000	
-563.520219	1.785226	3.259073	-4.320370	84440.000000	
-564.093993	-3.042893	-1.732054	-4.268588	105231.000000	
-564.506090	0.083075	0.860512	-4.203944	62120.000000	
-563.618693	0.348455	0.683604	-4.144255	115500.000000	
-563.326635	-4.629772	-4.248652	-4.092942	65820.000000	
-563.069915	-3.577175	-3.432928	-4.030594	10042.000000	
-560.817560	4.871917	5.800562	-3.956696	44433.000000	
-560.697857	-0.205819	0.522098	-3.904811	115186.000000	
-560.648328	-4.750838	-4.324914	-3.852669	61566.000000	
-564.684896	2.900181	4.226132	-3.778645	42907.000000	
-565.283651	-0.180429	0.825805	-3.724366	116808.000000	
-565.100718	-5.286699	-4.649841	-3.673130	64645.000000	
-564.606808	-6.293506	-5.989730	-3.613574	7948.000000	
-563.939557	5.495266	6.852330	-3.534788	30698.000000	
-564.003717	0.467771	1.357777	-3.483361	111432.000000	
-564.424086	-4.602382	-3.815759	-3.432048	74417.000000	
-562.565858	-0.561076	0.454933	-3.364996	20311.000000	
-560.522406	2.454864	3.590780	-3.299561	78757.000000	
-560.889858	-2.555870	-1.505553	-3.248321	107852.000000	
-562.601065	-3.112956	-2.096269	-3.189093	42149.000000	
-566.287995	1.817796	3.060805	-3.120409	85070.000000	
-566.396865	-3.050567	-1.929533	-3.068803	103434.000000	
-566.653895	-7.749091	-6.686768	-3.016026	26351.000000	
-562.134209	5.278812	6.857467	-2.934981	18763.000000	
-562.847751	1.517006	2.808509	-2.881153	92839.000000	
-562.956698	-2.645097	-1.540383	-2.828380	104992.000000	
-564.217632	0.701938	1.594797	-2.763245	89644.000000	
-564.724798	-1.889695	-1.288202	-2.707694	112300.000000	
-564.481529	-6.966485	-6.363932	-2.654982	35170.000000	
-563.116797	4.099509	4.685441	-2.578572	8825.000000	
-563.422280	3.824853	4.613286	-2.517979	64451.000000	
-563.355495	-1.248588	-0.806397	-2.466735	115441.000000	
-563.228071	-2.991385	-2.690411	-2.410393	50462.000000	
-562.029181	2.836301	3.228834	-2.340452	83669.000000	
-562.077483	-1.913463	-1.837361	-2.288571	106368.000000	
-562.469051	-4.678493	-4.740134	-2.232524	31170.000000	
-565.244327	4.517014	4.908357	-2.157747	55319.000000	
-565.244331	-0.255815	-0.162675	-2.106033	115456.000000	
-565.030687	-5.418554	-5.422929	-2.053983	49152.000000	
-565.463482	-0.655571	0.225904	-1.984787	9080.000000	
-564.163792	2.961586	5.177748	-1.917464	53977.000000	
-563.619813	-2.159272	-0.230281	-1.866124	116639.000000	
-563.431211	-7.300192	-5.447331	-1.814517	48593.000000	
-561.859061	-0.053055	2.498437	-1.742226	8972.000000	
-561.588082	2.494523	4.827030	-1.677797	61060.000000	
-561.629376	-2.134397	-0.206555	-1.626037	121831.000000	
-559.089842	-0.907017	0.249778	-1.564891	98358.000000	
-557.240510	-1.256612	-0.475999	-1.506485	119293.000000	
-557.496877	-5.396376	-5.016079	-1.453856	47876.000000	
-560.076459	4.444484	5.010070	-1.377365	37142.000000	
-560.347349	0.764339	1.120117	-1.323711	113447.000000	
-560.102656	-4.162786	-4.004831	-1.272549	70524.000000	
-561.293475	2.179700	3.427042	-1.200866	29802.000000	
-562.429450	1.234785	2.245616	-1.141671	101309.000000	
-562.271157	-3.818900	-3.200049	-1.090736	88324.000000	
-562.082221	-7.116125	-6.648801	-1.035391	16639.000000	
-562.074754	6.090111	6.649592	-0.955528	30853.000000	
-562.753437	1.250564	1.621865	-0.903072	107254.000000	
-562.932896	-2.403282	-2.238003	-0.849264	89255.000000	
-563.139936	1.582597	2.284957	-0.781737	87246.000000	
-563.257507	-2.136739	-1.630989	-0.728269	108434.000000	
-562.822790	-5.283684	-4.895098	-0.672896	33453.000000	
-558.660818	4.392889	4.961800	-0.597551	54101.000000	
-558.812540	-0.245213	-0.052911	-0.545875	118131.000000	
-558.575945	-5.353164	-5.794264	-0.494453	49163.000000	
-562.198390	-0.853526	-0.646984	-0.426483	6858.000000	
-564.299753	4.686553	5.536843	-0.356574	47471.000000	
-563.927964	-0.414695	0.224799	-0.305075	117615.000000	
-563.302354	-4.029596	-3.515639	-0.251798	60782.000000	
-561.214629	3.276212	3.692727	-0.179456	65017.000000	
-560.431808	-0.820293	-0.599554	-0.126420	116215.000000	
-560.464839	-5.965136	-5.984147	-0.074887	41876.000000	
-560.403164	-10.330752	-10.698305	-0.020264	2878.000000	
-563.713415	9.377848	10.370167	0.068450	4783.000000	
-564.269235	4.033461	5.525941	0.122890	51733.000000	
-564.383436	-1.082418	-0.051601	0.174311	115153.000000	
-564.349784	-4.221282	-3.226584	0.229084	60739.000000	
-565.298690	1.302651	3.259978	0.299966	77641.000000	
-565.345618	-3.081619	-1.366224	0.352358	112398.000000	
-565.592993	-7.819205	-6.621853	0.403772	31479.000000	
-562.913964	4.998343	6.757824	0.484644	18908.000000	
-562.853193	1.473410	2.765413	0.538907	94799.000000	
-563.056758	-3.328044	-2.313701	0.590574	97557.000000	
-564.080649	0.590718	1.718844	0.657112	57490.000000	
-564.309326	0.083951	0.890845	0.716011	116839.000000	
-564.783597	-1.931299	-1.536131	0.771650	86765.000000	
-566.074619	1.134354	1.520833	0.836970	109950.000000	
-566.476598	-3.239158	-3.420127	0.888993	87443.000000	
-566.572022	-8.384990	-9.045288	0.941748	13541.000000	
-564.217857	8.033554	8.899223	1.027243	4126.000000	
-563.681478	4.665029	5.569006	1.083084	50744.000000	
-563.938593	0.112280	0.623661	1.135303	123218.000000	
-565.841712	-0.059784	0.112437	1.194638	118475.000000	
-567.214135	-1.087844	-1.253545	1.252372	118137.000000	
-567.462033	-4.676960	-4.971403	1.306496	41455.000000	
-564.333725	4.762486	5.146509	1.382533	43334.000000	
-564.301180	0.463578	0.606971	1.435455	116408.000000	
-563.948401	-3.947015	-4.137544	1.487476	63768.000000	
-562.313706	4.860757	3.983123	1.560996	48779.000000	
-562.127074	1.724733	0.639479	1.615434	117346.000000	
-563.281378	-0.672672	-1.915613	1.670908	77248.000000	
-567.051239	2.847585	2.150475	1.738126	99191.000000	
-567.141467	-1.580193	-2.684333	1.790044	96309.000000	
-567.192187	-6.637406	-8.223094	1.842688	18563.000000	
-567.203505	8.702383	8.059986	1.925325	8802.000000	
-567.430869	5.813421	4.355710	1.981497	69525.000000	
-567.399592	0.750285	-1.121346	2.032460	114613.000000	
-567.404530	-0.990522	-3.226756	2.089106	42952.000000	
-566.843537	5.492118	3.552313	2.160371	75078.000000	
-566.285318	0.837019	-1.264236	2.212114	111307.000000	
-566.615906	0.029198	-2.224742	2.270635	45371.000000	
-567.437685	5.259751	3.096402	2.339220	86385.000000	
-567.301212	0.394650	-2.056410	2.391215	103165.000000	
-567.179944	-3.223417	-5.818801	2.445413	27245.000000	
-565.923696	7.701098	5.489956	2.523321	40116.000000	
-565.614652	3.072217	0.817658	2.575882	113989.000000	
-565.343279	-1.994904	-4.297994	2.627169	65090.000000	
-563.644403	2.566003	1.002869	2.696247	16792.000000	
-562.624977	4.800295	3.933523	2.760738	70185.000000	
-562.620553	-0.316842	-1.077744	2.812403	110938.000000	
-562.239793	-4.823575	-5.735244	2.865266	36278.000000	
-562.441987	6.104906	5.999390	2.943051	25520.000000	
-562.402104	2.190465	2.127017	2.997822	101568.000000	
-562.360964	-2.475838	-2.743543	3.049833	88384.000000	
-561.182654	2.883910	2.220285	3.117962	55321.000000	
-560.750024	1.754006	0.693957	3.175603	114784.000000	
-560.685847	-3.330366	-4.716427	3.227315	63082.000000	
-561.355668	-0.937600	-2.114836	3.292053	11330.000000	
-564.318408	5.595455	5.081871	3.362769	56116.000000	
-563.876984	0.551454	-0.359370	3.413687	119226.000000	
-563.891994	-4.530893	-5.754782	3.464510	44667.000000	
-563.558676	-9.910148	-11.546876	3.518303	3083.000000	
